110110100110011111010111100111011101011111111110011010000001
110110100110011111010111100111011101011111111110011010000001
111111000110001001111000010100111110010110110000111000000100
010111100010011111010111110011111001011111111110000111011110
010111100010011111010111110011111001011111111110000111011110
010111100010011111010111110011111001011111111110000111011110
010111100010011111010111110011111001011111111110000111011110
010111100010011111010111110011111001011111111110000111011110
010111100010011111010111110011111001011111111110000111011110
010111100010011111010111110011111001011111111110000111011110
010111100010011111010111110011111001011111111110000111011110
010110101110111100111001010111011101001001010100111111000011
010110101110111100111001010111011101001001010100111111000011
010110101110111100110011111110101101001000111010000111000011
010111101110110011010111101011111101001000111010000101000011
010111101110110011010111101011111101001000111010000101000011
010111101110110011010111101011111101001000111010000101000011
010111101110110011010111101011111101001000111010000101000011
010111101110110011010111101011111101001000111010000101000011
010111010110001111111011101111111101001000111010000101000011
010111010110001111111011101111111101001000111010000101000011
010111010110001111111011101111111101001000111010000101000011
010111010110001111111011101111111101001000111010000101000011
010111010110001111111011101111111101001000111010000101000011
010111010110001111111011101111111101001000111010000101000011
010111010110001111111011101111111101001000111010000101000011
010111010110001111111011101111111101001000111010000101000011
010111010110001111111011101111111101001000111010000101000011
010111010110001111111011101111111101001000111010000101000011
010111010110001111111011101111111101001000111010000101000011
