110111000110111100110111101011111101001000111010100110100000
110111000110111100110111101011111101001000111010100110100000
110111000110111100110111101011111101001000111010100110100000
110111000110111111111001001011111101001000111010100110100000
110111000110111111111001001011111101001000111010000101010000
110111000110111111110111101011111101001000111010100110100011
110111000110111111111001001011111101001000111010100110100000
110111000110110111010111101011111101001000111010100110100000
110111000110111111010111101011111101001000111010100110000000
110111000110111100110111101111111101001000111010100110100000
110111000110111111111001001011111101001000111010100110100000
110111000110111111010111101011111101001000111010100110000000
110111000110011100110111011011111101001000111010100110100000
010111000110111111010111101011111101001000111010000101010001
110111000110111100110111101011111101001000111010100110100000
110111000110110111010111101011111101001000111010100110100000
110111000110111100110111101011111101001000111010100110100000
110111000110110111010111101011111101001000111010100110100000
010111000110111111010111101001111101001000111010000101010001
110111000110111111010111101011111101001000111010100110000000
000111010110111011110011101011111101001000111010100111000100
010111000110111111110111101011111101001000111010000111100000
110111000110111111010111101011111101001000111010100110100000
010111000110110111010111101011111101001000111010000101010001
110111000110111111111001001011111101001000111010100110100000
110111000110111111010111101011111101001000111010100110100000
000111001110111111010111101011111101001000111010110110100000
010111000110111111010111101011111101001000111010000101010001
110111010110111100110111101011111101001000111010100110100000
110111000110111111010111101011111101001000111010100110100000
000111010110111011110011101011111101001000111010100111000100
010111000110111111010111101011111101001000111010000101010001
110111000110111100110111101011111101001000111010100110100000
010111000110111111010111101011111101001000111010000111100000
110111000110111111111001001011111101001000111010100110100000
110111000110111100110111011011111101001000111010100110100000
110110000110111111111001001011111101001000111010000110101000
110111000110101111111001010011111101001000111010100110100000
000111001110111111010111101011111101001000111010110110100000
000111000110111111010111101011111101001000111010110111100000
