0.8700589635513597
0.8700589635513597
0.8700589635513597
0.8652763166569047
0.8224023401838237
0.8263375294511601
0.8652763166569047
0.8509284939907366
0.8557111408851915
0.8507590024653128
0.8652763166569047
0.8557111408851915
0.8319675749641353
0.8604937287710481
0.8700589635513597
0.8509284939907366
0.8700589635513597
0.8509284939907366
0.8224023401838237
0.8557111408851915
0.8509284939907366
0.8459764145794562
0.8507590024653128
0.8271849870782787
0.8652763166569047
0.8507590024653128
0.8507590024653128
0.8604937287710481
0.8411938266935994
0.8507590024653128
0.8509284939907366
0.8604937287710481
0.8700589635513597
0.8557111408851915
0.8652763166569047
0.8700589635513597
0.8510979855161602
0.8510979855161602
0.8507590024653128
0.8555416493597677
